// solution (optimal) with objective 0.4568
// Quality Incumbent solution:
// MILP objective                                4.5680000000e-001
// MILP solution norm |x| (Total, Max)           5.06457e+002 1.00000e+000
// MILP solution error (Ax=b) (Total, Max)       0.00000e+000 0.00000e+000
// MILP x bound error (Total, Max)               0.00000e+000 0.00000e+000
// MILP x integrality error (Total, Max)         0.00000e+000 0.00000e+000
// MILP slack bound error (Total, Max)           0.00000e+000 0.00000e+000
// 

z = 0.4568;
x = [[1 0 0 0 0]
             [1 0 0 0 0]
             [1 0 0 0 0]
             [1 0 0 0 0]
             [1 0 0 0 0]
             [1 0 0 0 0]
             [1 0 0 0 0]
             [1 0 0 0 0]
             [1 0 0 0 0]
             [1 0 0 0 0]
             [1 0 0 0 0]
             [1 0 0 0 0]
             [1 0 0 0 0]
             [0 1 0 0 0]
             [1 0 0 0 0]
             [1 0 0 0 0]
             [1 0 0 0 0]
             [1 0 0 0 0]
             [1 0 0 0 0]
             [1 0 0 0 0]
             [1 0 0 0 0]
             [1 0 0 0 0]
             [1 0 0 0 0]
             [1 0 0 0 0]
             [1 0 0 0 0]
             [0 0 0 1 0]
             [1 0 0 0 0]
             [1 0 0 0 0]
             [0 0 0 1 0]
             [1 0 0 0 0]
             [0 0 0 1 0]
             [0 0 0 1 0]
             [1 0 0 0 0]
             [1 0 0 0 0]
             [1 0 0 0 0]
             [0 1 0 0 0]
             [1 0 0 0 0]
             [0 1 0 0 0]
             [1 0 0 0 0]
             [1 0 0 0 0]
             [0 1 0 0 0]
             [1 0 0 0 0]
             [0 1 0 0 0]
             [1 0 0 0 0]
             [1 0 0 0 0]
             [0 1 0 0 0]
             [0 1 0 0 0]
             [1 0 0 0 0]
             [1 0 0 0 0]
             [1 0 0 0 0]
             [0 0 0 1 0]
             [0 0 0 1 0]
             [0 1 0 0 0]
             [1 0 0 0 0]
             [1 0 0 0 0]
             [1 0 0 0 0]
             [1 0 0 0 0]
             [1 0 0 0 0]
             [1 0 0 0 0]
             [1 0 0 0 0]
             [1 0 0 0 0]
             [0 1 0 0 0]
             [0 0 1 0 0]
             [1 0 0 0 0]
             [1 0 0 0 0]
             [1 0 0 0 0]
             [1 0 0 0 0]
             [1 0 0 0 0]
             [0 1 0 0 0]
             [1 0 0 0 0]
             [1 0 0 0 0]
             [1 0 0 0 0]
             [1 0 0 0 0]
             [1 0 0 0 0]
             [1 0 0 0 0]
             [1 0 0 0 0]
             [1 0 0 0 0]
             [1 0 0 0 0]
             [1 0 0 0 0]
             [1 0 0 0 0]
             [1 0 0 0 0]
             [0 1 0 0 0]
             [1 0 0 0 0]
             [1 0 0 0 0]
             [1 0 0 0 0]
             [1 0 0 0 0]
             [1 0 0 0 0]
             [1 0 0 0 0]
             [1 0 0 0 0]
             [1 0 0 0 0]
             [0 1 0 0 0]
             [1 0 0 0 0]
             [1 0 0 0 0]
             [1 0 0 0 0]
             [1 0 0 0 0]
             [0 1 0 0 0]
             [1 0 0 0 0]
             [1 0 0 0 0]
             [1 0 0 0 0]
             [0 0 1 0 0]
             [1 0 0 0 0]
             [0 1 0 0 0]
             [1 0 0 0 0]
             [1 0 0 0 0]
             [1 0 0 0 0]
             [1 0 0 0 0]
             [0 1 0 0 0]
             [0 0 0 0 1]
             [0 1 0 0 0]
             [1 0 0 0 0]
             [1 0 0 0 0]
             [1 0 0 0 0]
             [1 0 0 0 0]
             [1 0 0 0 0]
             [1 0 0 0 0]
             [1 0 0 0 0]
             [1 0 0 0 0]
             [1 0 0 0 0]
             [1 0 0 0 0]
             [1 0 0 0 0]
             [1 0 0 0 0]
             [1 0 0 0 0]
             [1 0 0 0 0]
             [1 0 0 0 0]
             [1 0 0 0 0]
             [1 0 0 0 0]
             [1 0 0 0 0]
             [1 0 0 0 0]
             [0 0 0 1 0]
             [1 0 0 0 0]
             [1 0 0 0 0]
             [1 0 0 0 0]
             [1 0 0 0 0]
             [1 0 0 0 0]
             [1 0 0 0 0]
             [1 0 0 0 0]
             [1 0 0 0 0]
             [1 0 0 0 0]
             [1 0 0 0 0]
             [1 0 0 0 0]
             [1 0 0 0 0]
             [1 0 0 0 0]
             [1 0 0 0 0]
             [1 0 0 0 0]
             [1 0 0 0 0]
             [1 0 0 0 0]
             [1 0 0 0 0]
             [1 0 0 0 0]
             [1 0 0 0 0]
             [1 0 0 0 0]
             [1 0 0 0 0]
             [0 1 0 0 0]
             [1 0 0 0 0]
             [1 0 0 0 0]
             [0 0 0 0 1]
             [0 0 1 0 0]
             [1 0 0 0 0]
             [0 1 0 0 0]
             [1 0 0 0 0]
             [0 0 0 0 1]
             [1 0 0 0 0]
             [1 0 0 0 0]
             [1 0 0 0 0]
             [0 1 0 0 0]
             [0 0 0 0 1]
             [0 0 0 0 1]
             [1 0 0 0 0]
             [1 0 0 0 0]
             [1 0 0 0 0]
             [0 1 0 0 0]
             [1 0 0 0 0]
             [0 0 0 0 1]
             [1 0 0 0 0]
             [1 0 0 0 0]
             [1 0 0 0 0]
             [0 0 0 0 1]
             [1 0 0 0 0]
             [0 0 0 0 1]
             [1 0 0 0 0]
             [1 0 0 0 0]
             [1 0 0 0 0]
             [0 1 0 0 0]
             [0 1 0 0 0]
             [1 0 0 0 0]
             [1 0 0 0 0]
             [1 0 0 0 0]
             [0 1 0 0 0]
             [1 0 0 0 0]
             [1 0 0 0 0]
             [1 0 0 0 0]
             [1 0 0 0 0]
             [1 0 0 0 0]
             [1 0 0 0 0]
             [1 0 0 0 0]
             [1 0 0 0 0]
             [1 0 0 0 0]
             [1 0 0 0 0]
             [0 0 1 0 0]
             [0 1 0 0 0]
             [0 1 0 0 0]
             [1 0 0 0 0]
             [0 0 0 0 1]
             [1 0 0 0 0]
             [1 0 0 0 0]
             [1 0 0 0 0]
             [0 1 0 0 0]
             [0 0 0 0 1]
             [1 0 0 0 0]
             [1 0 0 0 0]
             [1 0 0 0 0]
             [1 0 0 0 0]
             [0 0 0 1 0]
             [0 1 0 0 0]
             [1 0 0 0 0]
             [0 1 0 0 0]
             [1 0 0 0 0]
             [1 0 0 0 0]
             [1 0 0 0 0]
             [1 0 0 0 0]
             [1 0 0 0 0]
             [1 0 0 0 0]
             [1 0 0 0 0]
             [1 0 0 0 0]
             [1 0 0 0 0]
             [1 0 0 0 0]
             [0 1 0 0 0]
             [1 0 0 0 0]
             [0 1 0 0 0]
             [1 0 0 0 0]
             [1 0 0 0 0]
             [1 0 0 0 0]
             [1 0 0 0 0]
             [1 0 0 0 0]
             [1 0 0 0 0]
             [1 0 0 0 0]
             [1 0 0 0 0]
             [1 0 0 0 0]
             [0 1 0 0 0]
             [1 0 0 0 0]
             [1 0 0 0 0]
             [1 0 0 0 0]
             [1 0 0 0 0]
             [0 0 1 0 0]
             [1 0 0 0 0]
             [1 0 0 0 0]
             [1 0 0 0 0]
             [1 0 0 0 0]
             [1 0 0 0 0]
             [1 0 0 0 0]
             [0 0 0 1 0]
             [1 0 0 0 0]
             [1 0 0 0 0]
             [1 0 0 0 0]
             [1 0 0 0 0]
             [1 0 0 0 0]
             [1 0 0 0 0]
             [0 1 0 0 0]
             [0 0 0 1 0]
             [1 0 0 0 0]
             [0 1 0 0 0]
             [1 0 0 0 0]
             [0 1 0 0 0]
             [1 0 0 0 0]
             [1 0 0 0 0]
             [1 0 0 0 0]
             [1 0 0 0 0]
             [1 0 0 0 0]
             [1 0 0 0 0]
             [1 0 0 0 0]
             [1 0 0 0 0]
             [0 1 0 0 0]
             [0 1 0 0 0]
             [1 0 0 0 0]
             [1 0 0 0 0]
             [1 0 0 0 0]
             [1 0 0 0 0]
             [1 0 0 0 0]
             [1 0 0 0 0]
             [0 1 0 0 0]
             [1 0 0 0 0]
             [1 0 0 0 0]
             [1 0 0 0 0]
             [0 1 0 0 0]
             [1 0 0 0 0]
             [0 0 0 0 1]
             [0 1 0 0 0]
             [1 0 0 0 0]
             [1 0 0 0 0]
             [1 0 0 0 0]
             [0 0 1 0 0]
             [1 0 0 0 0]
             [1 0 0 0 0]
             [1 0 0 0 0]
             [0 0 0 1 0]
             [0 0 0 1 0]
             [1 0 0 0 0]
             [1 0 0 0 0]
             [1 0 0 0 0]
             [1 0 0 0 0]
             [1 0 0 0 0]
             [1 0 0 0 0]
             [1 0 0 0 0]
             [1 0 0 0 0]
             [1 0 0 0 0]
             [1 0 0 0 0]
             [1 0 0 0 0]
             [1 0 0 0 0]
             [1 0 0 0 0]
             [1 0 0 0 0]
             [1 0 0 0 0]
             [1 0 0 0 0]
             [1 0 0 0 0]
             [1 0 0 0 0]
             [1 0 0 0 0]
             [1 0 0 0 0]
             [1 0 0 0 0]
             [1 0 0 0 0]
             [1 0 0 0 0]
             [1 0 0 0 0]
             [1 0 0 0 0]
             [0 1 0 0 0]
             [1 0 0 0 0]
             [1 0 0 0 0]
             [1 0 0 0 0]
             [1 0 0 0 0]
             [1 0 0 0 0]
             [1 0 0 0 0]
             [1 0 0 0 0]
             [1 0 0 0 0]
             [1 0 0 0 0]
             [1 0 0 0 0]
             [1 0 0 0 0]
             [1 0 0 0 0]
             [1 0 0 0 0]
             [1 0 0 0 0]
             [1 0 0 0 0]
             [1 0 0 0 0]
             [1 0 0 0 0]
             [1 0 0 0 0]
             [0 1 0 0 0]
             [0 1 0 0 0]
             [1 0 0 0 0]
             [1 0 0 0 0]
             [1 0 0 0 0]
             [1 0 0 0 0]
             [1 0 0 0 0]
             [1 0 0 0 0]
             [1 0 0 0 0]
             [0 1 0 0 0]
             [1 0 0 0 0]
             [1 0 0 0 0]
             [1 0 0 0 0]
             [1 0 0 0 0]
             [1 0 0 0 0]
             [1 0 0 0 0]
             [0 1 0 0 0]
             [0 1 0 0 0]
             [1 0 0 0 0]
             [1 0 0 0 0]
             [1 0 0 0 0]
             [1 0 0 0 0]
             [1 0 0 0 0]
             [1 0 0 0 0]
             [0 0 0 1 0]
             [1 0 0 0 0]
             [1 0 0 0 0]
             [1 0 0 0 0]
             [1 0 0 0 0]
             [1 0 0 0 0]
             [1 0 0 0 0]
             [0 0 0 0 1]
             [1 0 0 0 0]
             [1 0 0 0 0]
             [1 0 0 0 0]
             [0 1 0 0 0]
             [1 0 0 0 0]
             [1 0 0 0 0]
             [1 0 0 0 0]
             [1 0 0 0 0]
             [1 0 0 0 0]
             [1 0 0 0 0]
             [1 0 0 0 0]
             [1 0 0 0 0]
             [1 0 0 0 0]
             [1 0 0 0 0]
             [1 0 0 0 0]
             [1 0 0 0 0]
             [1 0 0 0 0]
             [1 0 0 0 0]
             [1 0 0 0 0]
             [0 0 1 0 0]
             [1 0 0 0 0]
             [1 0 0 0 0]
             [1 0 0 0 0]
             [1 0 0 0 0]
             [1 0 0 0 0]
             [0 0 1 0 0]
             [1 0 0 0 0]
             [0 1 0 0 0]
             [0 0 0 0 1]
             [1 0 0 0 0]
             [1 0 0 0 0]
             [1 0 0 0 0]
             [1 0 0 0 0]
             [1 0 0 0 0]
             [0 1 0 0 0]
             [1 0 0 0 0]
             [1 0 0 0 0]
             [1 0 0 0 0]
             [1 0 0 0 0]
             [1 0 0 0 0]
             [1 0 0 0 0]
             [0 1 0 0 0]
             [0 1 0 0 0]
             [0 1 0 0 0]
             [0 0 0 1 0]
             [0 0 1 0 0]
             [0 0 0 1 0]
             [1 0 0 0 0]
             [1 0 0 0 0]
             [1 0 0 0 0]
             [1 0 0 0 0]
             [1 0 0 0 0]
             [1 0 0 0 0]
             [0 1 0 0 0]
             [1 0 0 0 0]
             [1 0 0 0 0]
             [1 0 0 0 0]
             [1 0 0 0 0]
             [1 0 0 0 0]
             [1 0 0 0 0]
             [0 0 1 0 0]
             [1 0 0 0 0]
             [1 0 0 0 0]
             [1 0 0 0 0]
             [1 0 0 0 0]
             [1 0 0 0 0]
             [0 1 0 0 0]
             [1 0 0 0 0]
             [0 1 0 0 0]
             [1 0 0 0 0]
             [1 0 0 0 0]
             [1 0 0 0 0]
             [1 0 0 0 0]
             [1 0 0 0 0]
             [1 0 0 0 0]
             [1 0 0 0 0]
             [1 0 0 0 0]
             [1 0 0 0 0]
             [0 1 0 0 0]
             [1 0 0 0 0]
             [0 0 1 0 0]
             [1 0 0 0 0]
             [1 0 0 0 0]
             [1 0 0 0 0]
             [0 0 1 0 0]
             [1 0 0 0 0]
             [1 0 0 0 0]
             [1 0 0 0 0]
             [1 0 0 0 0]
             [0 0 1 0 0]
             [1 0 0 0 0]
             [0 0 1 0 0]
             [1 0 0 0 0]
             [1 0 0 0 0]
             [1 0 0 0 0]
             [0 0 0 1 0]
             [0 1 0 0 0]
             [0 1 0 0 0]
             [1 0 0 0 0]
             [1 0 0 0 0]
             [1 0 0 0 0]
             [1 0 0 0 0]
             [1 0 0 0 0]
             [1 0 0 0 0]
             [1 0 0 0 0]
             [1 0 0 0 0]
             [1 0 0 0 0]
             [0 1 0 0 0]
             [1 0 0 0 0]
             [0 0 0 1 0]
             [1 0 0 0 0]
             [1 0 0 0 0]
             [1 0 0 0 0]
             [0 1 0 0 0]
             [1 0 0 0 0]
             [0 0 1 0 0]
             [1 0 0 0 0]
             [0 1 0 0 0]
             [1 0 0 0 0]
             [0 1 0 0 0]
             [0 0 1 0 0]
             [1 0 0 0 0]
             [1 0 0 0 0]
             [1 0 0 0 0]
             [1 0 0 0 0]
             [1 0 0 0 0]
             [1 0 0 0 0]
             [0 0 0 0 1]
             [1 0 0 0 0]
             [1 0 0 0 0]
             [1 0 0 0 0]
             [1 0 0 0 0]
             [1 0 0 0 0]
             [1 0 0 0 0]
             [1 0 0 0 0]];
