1 3 1
3 1 1
1 7 1
7 1 1
1 16 1
16 1 1
2 4 1
4 2 1
2 7 1
7 2 1
2 12 1
12 2 1
2 13 1
13 2 1
2 18 1
18 2 1
2 23 1
23 2 1
3 10 1
10 3 1
3 11 1
11 3 1
3 14 1
14 3 1
3 21 1
21 3 1
4 16 1
16 4 1
5 8 1
8 5 1
5 16 1
16 5 1
6 7 1
7 6 1
6 19 1
19 6 1
7 17 1
17 7 1
7 19 1
19 7 1
8 9 1
9 8 1
9 15 1
15 9 1
9 16 1
16 9 1
10 11 1
11 10 1
10 12 1
12 10 1
10 16 1
16 10 1
10 17 1
17 10 1
12 22 1
22 12 1
13 14 1
14 13 1
13 17 1
17 13 1
13 19 1
19 13 1
15 20 1
20 15 1
17 23 1
23 17 1
17 20 1
20 17 1
18 21 1
21 18 1
20 22 1
22 20 1